region	chr	midPos	Nsites	Fst01	Fst02	Fst12	PBS0	PBS1	PBS2
(43,48715)(33500000,33549999)(33500000,33550000)	5	33525000	48674	0.081465	0.171954	0.196678	0.027331	0.057644	0.161355
(9737,58704)(33510000,33559999)(33510000,33560000)	5	33535000	48969	0.076219	0.175408	0.188531	0.031619	0.047661	0.161248
(19344,68390)(33520000,33569918)(33520000,33570000)	5	33545000	49048	0.065092	0.173817	0.195679	0.020244	0.047063	0.170695
(29181,74681)(33530000,33579999)(33530000,33580000)	5	33555000	45502	0.053126	0.161083	0.187446	0.011330	0.043260	0.164313
(39092,84638)(33540000,33589999)(33540000,33590000)	5	33565000	45548	0.057759	0.118125	0.143317	0.015256	0.044238	0.110449
(48716,93986)(33550000,33599999)(33550000,33600000)	5	33575000	45272	0.074537	0.083459	0.089179	0.035601	0.041861	0.051548
(58705,103843)(33560000,33609999)(33560000,33610000)	5	33585000	45140	0.086507	0.071599	0.144680	0.004246	0.086234	0.070046
(68391,113784)(33570034,33619999)(33570000,33620000)	5	33595000	45395	0.111081	0.086574	0.171345	0.010175	0.107573	0.080378
(74682,122195)(33580000,33629999)(33580000,33630000)	5	33605000	47515	0.119000	0.111975	0.179734	0.023663	0.103035	0.095093
(84639,132028)(33590000,33639999)(33590000,33640000)	5	33615000	47391	0.139430	0.127832	0.155854	0.058752	0.091409	0.078021
(93987,141649)(33600000,33649999)(33600000,33650000)	5	33625000	47664	0.172660	0.143037	0.147275	0.092291	0.097248	0.062070
(103844,151524)(33610000,33659999)(33610000,33660000)	5	33635000	47682	0.188454	0.163841	0.104077	0.138925	0.069889	0.040012
(113785,161489)(33620000,33669999)(33620000,33670000)	5	33645000	47706	0.202009	0.175920	0.061674	0.177744	0.047914	0.015743
(122196,170828)(33630000,33679999)(33630000,33680000)	5	33655000	48634	0.217372	0.174533	0.051571	0.191978	0.053120	-0.000172
(132029,180586)(33640000,33689999)(33640000,33690000)	5	33665000	48559	0.211869	0.164991	0.077147	0.169059	0.069031	0.011254
(141650,190301)(33650000,33699999)(33650000,33700000)	5	33675000	48653	0.157301	0.146489	0.106065	0.108710	0.062436	0.049686
(151525,200054)(33660000,33709999)(33660000,33710000)	5	33685000	48531	0.147037	0.145452	0.161667	0.069940	0.089098	0.087242
(161490,209999)(33670000,33719999)(33670000,33720000)	5	33695000	48511	0.119828	0.118420	0.205218	0.011995	0.115643	0.114045
(170829,219795)(33680000,33729999)(33680000,33730000)	5	33705000	48968	0.102362	0.111763	0.205716	-0.001905	0.109893	0.120421
(180587,229696)(33690000,33739999)(33690000,33740000)	5	33715000	49111	0.100105	0.119634	0.223586	-0.010087	0.115564	0.137505
(190302,239673)(33700000,33749999)(33700000,33750000)	5	33725000	49373	0.111756	0.134474	0.240895	-0.006344	0.124853	0.150762
(200055,249644)(33710000,33759999)(33710000,33760000)	5	33735000	49591	0.113308	0.130257	0.167829	0.038049	0.082209	0.101509
(210000,259425)(33720000,33769999)(33720000,33770000)	5	33745000	49427	0.103703	0.138653	0.082407	0.086370	0.023114	0.062888
(219796,269350)(33730000,33779999)(33730000,33780000)	5	33755000	49556	0.107068	0.121480	0.038122	0.101947	0.011298	0.027569
(229697,279132)(33740000,33789999)(33740000,33790000)	5	33765000	49437	0.110907	0.116341	0.015752	0.112680	0.004874	0.011004
(239674,288986)(33750000,33799999)(33750000,33800000)	5	33775000	49314	0.103721	0.106616	0.016614	0.102744	0.006759	0.009995
(249645,298949)(33760000,33809999)(33760000,33810000)	5	33785000	49306	0.139032	0.120699	0.036947	0.120339	0.029359	0.008288
(259426,308846)(33770000,33819999)(33770000,33820000)	5	33795000	49422	0.113205	0.098719	0.045649	0.088678	0.031464	0.015260
(269351,318727)(33780000,33829999)(33780000,33830000)	5	33805000	49378	0.115777	0.097554	0.055094	0.084511	0.038535	0.018135
(279133,328650)(33790000,33839999)(33790000,33840000)	5	33815000	49519	0.114554	0.100205	0.108847	0.056006	0.065658	0.049582
(288987,338034)(33800000,33849999)(33800000,33850000)	5	33825000	49049	0.117258	0.104926	0.130725	0.047738	0.076985	0.063112
(298950,348005)(33810000,33859999)(33810000,33860000)	5	33835000	49057	0.089478	0.091925	0.138274	0.020674	0.073063	0.075755
(308847,357931)(33820000,33869999)(33820000,33870000)	5	33845000	49086	0.098516	0.107496	0.165199	0.018438	0.085275	0.095286
(318728,367826)(33830000,33879999)(33830000,33880000)	5	33855000	49100	0.084068	0.107459	0.192879	-0.006393	0.094206	0.120076
(328651,377719)(33840000,33889999)(33840000,33890000)	5	33865000	49070	0.093163	0.101163	0.142207	0.025527	0.072265	0.081127
(338035,387357)(33850000,33899999)(33850000,33900000)	5	33875000	49324	0.109121	0.145087	0.136315	0.062878	0.052669	0.093878
(348006,395851)(33860000,33909999)(33860000,33910000)	5	33885000	47847	0.128479	0.172639	0.145229	0.085054	0.052461	0.104460
(357932,405697)(33870000,33919999)(33870000,33920000)	5	33895000	47767	0.151272	0.278374	0.240792	0.107393	0.056624	0.218855
(367827,415619)(33880000,33929999)(33880000,33930000)	5	33905000	47794	0.170289	0.373234	0.321435	0.133043	0.053635	0.334140
(377720,424972)(33890000,33939999)(33890000,33940000)	5	33915000	47254	0.176771	0.411594	0.344443	0.151294	0.043227	0.379044
(387358,434906)(33900000,33949999)(33900000,33950000)	5	33925000	47550	0.155693	0.390394	0.351688	0.115399	0.053840	0.379543
(395852,443091)(33910000,33959999)(33910000,33960000)	5	33935000	47241	0.142195	0.427094	0.424316	0.079109	0.074270	0.477926
(405698,452723)(33920000,33969999)(33920000,33970000)	5	33945000	47027	0.123383	0.419290	0.433339	0.053598	0.078088	0.489906
(415620,462289)(33930000,33979999)(33930000,33980000)	5	33955000	46671	0.106685	0.368023	0.400549	0.029988	0.082827	0.428914
(424973,472259)(33940000,33989999)(33940000,33990000)	5	33965000	47288	0.080475	0.333069	0.397251	-0.008644	0.092543	0.413712
(434907,482065)(33950000,33999999)(33950000,34000000)	5	33975000	47160	0.080713	0.316125	0.327759	0.033499	0.050658	0.346481
(443092,491620)(33960000,34009999)(33960000,34010000)	5	33985000	48530	0.110502	0.271455	0.200232	0.105185	0.011913	0.211521
(452724,501394)(33970000,34019999)(33970000,34020000)	5	33995000	48672	0.135336	0.222473	0.078782	0.157496	-0.012082	0.094141
(462290,511237)(33980000,34029999)(33980000,34030000)	5	34005000	48949	0.125380	0.210167	0.069838	0.148752	-0.014786	0.087182
(472260,521212)(33990000,34039999)(33990000,34040000)	5	34015000	48954	0.117342	0.206849	0.054759	0.150122	-0.025304	0.081620
(482066,531132)(34000000,34049999)(34000000,34050000)	5	34025000	49068	0.134940	0.192753	0.049553	0.154130	-0.009173	0.059996
(491621,541012)(34010000,34059999)(34010000,34060000)	5	34035000	49393	0.142251	0.169187	0.046393	0.145645	0.007799	0.039705
(501395,550180)(34020000,34069999)(34020000,34070000)	5	34045000	48787	0.140667	0.166897	0.054081	0.139300	0.012300	0.043299
(511238,557947)(34030000,34079999)(34030000,34080000)	5	34055000	46711	0.169456	0.174543	0.050146	0.163023	0.022652	0.028795
(521213,560444)(34040000,34089493)(34040000,34090000)	5	34065000	39233	0.204545	0.179811	0.057839	0.183741	0.045099	0.014480
(531133,561267)(34050000,34099540)(34050000,34100000)	5	34075000	30136	0.226837	0.197268	0.054679	0.210384	0.046881	0.009350
(541013,563459)(34060000,34109943)(34060000,34110000)	5	34085000	22448	0.180407	0.196628	0.050279	0.183148	0.015799	0.035789
(550181,570011)(34070000,34119999)(34070000,34120000)	5	34095000	19832	0.188854	0.193143	0.038544	0.192304	0.017002	0.022304
(557948,577539)(34080000,34129828)(34080000,34130000)	5	34105000	19593	0.167858	0.172574	0.025356	0.173752	0.010000	0.015683
(560445,582498)(34095193,34139765)(34090000,34140000)	5	34115000	22055	0.150006	0.160440	0.023024	0.157055	0.005471	0.017823
(561268,589317)(34100219,34147938)(34100000,34150000)	5	34125000	28051	0.139115	0.161692	0.025982	0.149919	-0.000125	0.026451
(563460,594267)(34110000,34159999)(34110000,34160000)	5	34135000	30809	0.117504	0.162101	0.045735	0.127522	-0.002521	0.049335
(570012,598133)(34120000,34167690)(34120000,34170000)	5	34145000	28123	0.079270	0.155372	0.063822	0.092749	-0.010160	0.076110
(577540,601973)(34130017,34178625)(34130000,34180000)	5	34155000	24435	0.065273	0.152002	0.076856	0.076204	-0.008703	0.088673
(582499,603378)(34140100,34189999)(34140000,34190000)	5	34165000	20881	0.049686	0.155053	0.082625	0.066603	-0.015640	0.101878
