region	chr	midPos	Nsites	Fst01	Fst02	Fst12	PBS0	PBS1	PBS2
(92,49440)(15000000,15049999)(15000000,15050000)	1	15025000	49350	0.087497	0.165127	0.027889	0.121877	-0.030313	0.058598
(9978,59403)(15010000,15059999)(15010000,15060000)	1	15035000	49427	0.104206	0.176035	0.025780	0.138777	-0.028732	0.054850
(19953,69393)(15020000,15069999)(15020000,15070000)	1	15045000	49442	0.105805	0.171058	0.018335	0.140466	-0.028635	0.047139
(29940,79367)(15030000,15079999)(15030000,15080000)	1	15055000	49429	0.111492	0.172312	0.013218	0.147012	-0.028801	0.042107
(39626,89350)(15040000,15089999)(15040000,15090000)	1	15065000	49726	0.114755	0.139088	0.016130	0.127696	-0.005805	0.022067
(49441,99278)(15050000,15099999)(15050000,15100000)	1	15075000	49839	0.104556	0.100095	0.027878	0.093814	0.016622	0.011652
(96,43602)(15000000,15049999)(15000000,15050000)	10	15025000	43508	0.124488	0.080580	0.158440	0.022231	0.110716	0.061782
(10042,53452)(15010000,15059999)(15010000,15060000)	10	15035000	43412	0.115419	0.083037	0.130889	0.034522	0.088119	0.052166
(20021,59675)(15020000,15067703)(15020000,15070000)	10	15045000	39656	0.111457	0.090684	0.096152	0.056070	0.062102	0.038992
(29853,64307)(15030000,15079999)(15030000,15080000)	10	15055000	34456	0.125526	0.075396	0.108699	0.048725	0.085408	0.029665
(33714,74082)(15040000,15089999)(15040000,15090000)	10	15065000	40370	0.149439	0.075898	0.115358	0.059110	0.102749	0.019823
(43603,84045)(15050000,15099999)(15050000,15100000)	10	15075000	40444	0.158934	0.074310	0.125957	0.057838	0.115247	0.019378
(98,49991)(15000000,15049999)(15000000,15050000)	11	15025000	49895	0.132207	0.111915	0.086608	0.084950	0.056852	0.033738
(10094,59472)(15010000,15059999)(15010000,15060000)	11	15035000	49380	0.132550	0.113137	0.079252	0.089847	0.052351	0.030218
(20061,69384)(15020000,15069999)(15020000,15070000)	11	15045000	49325	0.118355	0.116503	0.091111	0.077151	0.048815	0.046717
(30048,79332)(15030000,15079999)(15030000,15080000)	11	15055000	49286	0.137753	0.108084	0.089872	0.084213	0.064000	0.030170
(40024,89314)(15040000,15089999)(15040000,15090000)	11	15065000	49292	0.149134	0.119762	0.093704	0.095337	0.066164	0.032226
(49992,99296)(15050000,15099999)(15050000,15100000)	11	15075000	49306	0.158122	0.110114	0.099160	0.092177	0.079943	0.024485
(98,49555)(15000000,15049999)(15000000,15050000)	12	15025000	49459	0.306038	0.219116	0.011008	0.300799	0.064539	-0.053470
(9638,56404)(15010000,15059999)(15010000,15060000)	12	15035000	46768	0.277635	0.202955	0.010687	0.270663	0.054563	-0.043818
(19630,66265)(15020000,15069999)(15020000,15070000)	12	15045000	46637	0.236182	0.173114	0.011570	0.223939	0.045487	-0.033850
(29590,76214)(15030000,15079999)(15030000,15080000)	12	15055000	46626	0.192379	0.123773	0.023713	0.160897	0.052765	-0.028767
(39573,86188)(15040000,15089999)(15040000,15090000)	12	15065000	46617	0.150972	0.093487	0.031563	0.114871	0.048792	-0.016720
(49556,96155)(15050000,15099999)(15050000,15100000)	12	15075000	46601	0.122118	0.081973	0.034372	0.090397	0.039845	-0.004869
(753,20611)(15013981,15059999)(15010000,15060000)	16	15035000	19860	0.083008	0.057046	0.057820	0.042917	0.043739	0.015820
(2087,30548)(15021874,15069999)(15020000,15070000)	16	15045000	28463	0.096246	0.061574	0.059848	0.051518	0.049681	0.012033
(5614,40505)(15031958,15079999)(15030000,15080000)	16	15055000	34893	0.103326	0.058303	0.063658	0.051680	0.057383	0.008392
(8710,47495)(15047267,15087035)(15040000,15090000)	16	15065000	38787	0.112417	0.059741	0.079725	0.048885	0.070368	0.012715
(10638,56451)(15050000,15099999)(15050000,15100000)	16	15075000	45815	0.114381	0.061013	0.072439	0.054613	0.066856	0.008341
(95,49433)(15000000,15049999)(15000000,15050000)	17	15025000	49340	0.155815	0.180100	0.080926	0.141784	0.027599	0.056789
(10081,59382)(15010000,15059999)(15010000,15060000)	17	15035000	49303	0.153757	0.145201	0.090003	0.114762	0.052187	0.042127
(19847,69249)(15020000,15069999)(15020000,15070000)	17	15045000	49404	0.137515	0.120206	0.084330	0.093953	0.053985	0.034114
(29830,79232)(15030000,15079999)(15030000,15080000)	17	15055000	49404	0.123182	0.092354	0.080356	0.072294	0.059162	0.024607
(39456,89175)(15040000,15089999)(15040000,15090000)	17	15065000	49721	0.109668	0.076601	0.082562	0.054842	0.061318	0.024852
(49434,98817)(15050000,15099999)(15050000,15100000)	17	15075000	49385	0.098872	0.081803	0.073865	0.056358	0.047750	0.028985
(87,48307)(15000000,15049999)(15000000,15050000)	18	15025000	48222	0.152156	0.066087	0.091557	0.068703	0.096355	-0.000331
(8726,58277)(15010000,15059999)(15010000,15060000)	18	15035000	49553	0.181062	0.074380	0.100291	0.085677	0.114070	-0.008386
(18649,68231)(15020000,15069999)(15020000,15070000)	18	15045000	49584	0.188007	0.079478	0.110820	0.086812	0.121452	-0.003997
(28560,78115)(15030000,15079999)(15030000,15080000)	18	15055000	49557	0.235127	0.088852	0.099324	0.128243	0.139802	-0.035193
(38335,88065)(15040000,15089999)(15040000,15090000)	18	15065000	49732	0.310074	0.126571	0.097762	0.201811	0.169360	-0.066482
(48308,97840)(15050000,15099999)(15050000,15100000)	18	15075000	49534	0.319546	0.135507	0.091844	0.217134	0.167862	-0.071522
(93,49267)(15000000,15049999)(15000000,15050000)	19	15025000	49176	0.173650	0.121666	0.046306	0.136526	0.054211	-0.006798
(9985,58758)(15010000,15059541)(15010000,15060000)	19	15035000	48775	0.166307	0.112097	0.053687	0.122801	0.059090	-0.003908
(19858,64008)(15020000,15069999)(15020000,15070000)	19	15045000	44152	0.157445	0.100825	0.057858	0.108997	0.062319	-0.002720
(29368,72837)(15030000,15078872)(15030000,15080000)	19	15055000	43471	0.159292	0.092061	0.061200	0.103468	0.070043	-0.006890
(39326,81019)(15040000,15089999)(15040000,15090000)	19	15065000	41695	0.134635	0.067104	0.060497	0.075831	0.068773	-0.006369
(97,49837)(15000000,15049999)(15000000,15050000)	2	15025000	49742	0.224689	0.195271	0.083027	0.192532	0.061960	0.024717
(10086,59645)(15010000,15059999)(15010000,15060000)	2	15035000	49561	0.165167	0.162786	0.088078	0.132999	0.047525	0.044676
(19963,69624)(15020000,15069999)(15020000,15070000)	2	15045000	49663	0.119739	0.138122	0.091804	0.089941	0.037595	0.058700
(29948,79618)(15030000,15079999)(15030000,15080000)	2	15055000	49672	0.073306	0.120448	0.106508	0.045929	0.030204	0.082414
(39891,89609)(15040000,15089999)(15040000,15090000)	2	15065000	49720	0.049160	0.106594	0.120260	0.017497	0.032913	0.095217
(49838,99450)(15050000,15099999)(15050000,15100000)	2	15075000	49614	0.061376	0.121699	0.120915	0.032116	0.031225	0.097649
(97,49827)(15000000,15049999)(15000000,15050000)	20	15025000	49732	0.150558	0.141395	0.111564	0.098665	0.064511	0.053782
(9969,59793)(15010000,15059999)(15010000,15060000)	20	15035000	49826	0.135656	0.156006	0.128966	0.088660	0.057125	0.080950
(19956,69410)(15020000,15069999)(15020000,15070000)	20	15045000	49456	0.145122	0.116853	0.129301	0.071301	0.085496	0.052963
(29902,77813)(15030000,15078460)(15030000,15080000)	20	15055000	47913	0.119064	0.093874	0.118555	0.049577	0.077194	0.049000
(39847,86694)(15040000,15089999)(15040000,15090000)	20	15065000	46849	0.132608	0.095260	0.141085	0.045143	0.097122	0.054964
(49828,96624)(15050000,15099999)(15050000,15100000)	20	15075000	46798	0.144766	0.095675	0.157613	0.042716	0.113665	0.057851
(1763,9083)(15010000,15028200)(15010000,15060000)	21	15035000	7322	0.154174	0.175242	0.086223	0.134969	0.032473	0.057696
(4680,9083)(15020000,15028200)(15020000,15070000)	21	15045000	4405	0.142904	0.197532	0.102046	0.133316	0.020889	0.086747
(9084,9196)(15075793,15075927)(15030000,15080000)	21	15055000	114	0.144547	0.166956	0.048614	0.144478	0.011646	0.038190
(9084,9196)(15075793,15075927)(15040000,15090000)	21	15065000	114	0.144547	0.166956	0.048614	0.144478	0.011646	0.038190
(95,48847)(15000000,15049999)(15000000,15050000)	3	15025000	48754	0.154134	0.132804	0.059223	0.124418	0.042976	0.018073
(9894,58841)(15010166,15059999)(15010000,15060000)	3	15035000	48949	0.130200	0.109605	0.053930	0.100072	0.039420	0.016018
(19480,68748)(15020000,15069999)(15020000,15070000)	3	15045000	49270	0.132401	0.112483	0.055900	0.101915	0.040111	0.017413
(29470,78675)(15030000,15079999)(15030000,15080000)	3	15055000	49207	0.118946	0.104961	0.050054	0.093087	0.033549	0.017801
(38919,88653)(15040000,15089999)(15040000,15090000)	3	15065000	49736	0.108804	0.096153	0.052279	0.081295	0.033895	0.019800
(44,48174)(15000931,15049999)(15000000,15050000)	4	15025000	48132	0.162487	0.176815	0.101554	0.132402	0.044916	0.062172
(8317,58160)(15010000,15059999)(15010000,15060000)	4	15035000	49845	0.160472	0.196173	0.126610	0.128956	0.045959	0.089414
(18302,68119)(15020000,15069999)(15020000,15070000)	4	15045000	49819	0.173452	0.210951	0.146833	0.134312	0.056185	0.102615
(28259,78085)(15030000,15079999)(15030000,15080000)	4	15055000	49828	0.178689	0.210653	0.150661	0.135053	0.061801	0.101496
(38191,88053)(15040000,15089999)(15040000,15090000)	4	15065000	49864	0.186652	0.215415	0.176725	0.127365	0.079230	0.115235
(48175,94294)(15050000,15099999)(15050000,15100000)	4	15075000	46121	0.204854	0.224617	0.233082	0.109126	0.120104	0.145272
(97,49561)(15000000,15049999)(15000000,15050000)	5	15025000	49466	0.109021	0.109649	0.110602	0.057182	0.058253	0.058958
(9844,59550)(15010000,15059999)(15010000,15060000)	5	15035000	49708	0.103552	0.104394	0.108881	0.052146	0.057169	0.058109
(19780,68313)(15020000,15069999)(15020000,15070000)	5	15045000	48535	0.086282	0.090071	0.042345	0.070677	0.019556	0.023712
(29778,78286)(15030000,15079999)(15030000,15080000)	5	15055000	48510	0.077547	0.064970	0.048369	0.049158	0.031560	0.018018
(39758,88276)(15040000,15089999)(15040000,15090000)	5	15065000	48520	0.080705	0.059320	0.047740	0.048191	0.035957	0.012961
(49562,98175)(15050000,15099999)(15050000,15100000)	5	15075000	48615	0.091558	0.063883	0.057990	0.051150	0.044874	0.014865
(94,49690)(15000000,15049999)(15000000,15050000)	6	15025000	49598	0.158991	0.135779	0.035761	0.141331	0.031821	0.004595
(9965,59433)(15010000,15059999)(15010000,15060000)	6	15035000	49470	0.159398	0.141791	0.036497	0.144682	0.028955	0.008226
(19825,69370)(15020000,15069999)(15020000,15070000)	6	15045000	49547	0.192596	0.163575	0.078694	0.155293	0.058638	0.023325
(29724,79335)(15030000,15079999)(15030000,15080000)	6	15055000	49613	0.134585	0.100934	0.084001	0.081603	0.062944	0.024796
(39715,89192)(15040000,15089999)(15040000,15090000)	6	15065000	49479	0.121867	0.081426	0.072079	0.070041	0.059916	0.014892
(49691,98630)(15050000,15099999)(15050000,15100000)	6	15075000	48941	0.119398	0.071548	0.063988	0.067629	0.059520	0.006607
(96,49888)(15000000,15049999)(15000000,15050000)	7	15025000	49794	0.213233	0.139145	0.179578	0.095858	0.143965	0.053971
(10052,59860)(15010000,15059999)(15010000,15060000)	7	15035000	49810	0.171248	0.124147	0.124261	0.093852	0.093982	0.038705
(19968,69843)(15020000,15069999)(15020000,15070000)	7	15045000	49877	0.154921	0.091210	0.117803	0.069313	0.099012	0.026328
(29958,79792)(15030000,15079999)(15030000,15080000)	7	15055000	49836	0.128214	0.080799	0.107780	0.053710	0.083502	0.030541
(39943,89762)(15040000,15089999)(15040000,15090000)	7	15065000	49821	0.120723	0.060495	0.095004	0.045616	0.083039	0.016786
(49889,99749)(15050000,15099999)(15050000,15100000)	7	15075000	49862	0.106535	0.067869	0.086116	0.046439	0.066209	0.023843
(97,49064)(15000000,15049999)(15000000,15050000)	8	15025000	48969	0.157942	0.140812	0.052834	0.134697	0.037210	0.017071
(9747,58690)(15010000,15059999)(15010000,15060000)	8	15035000	48945	0.144378	0.127223	0.060023	0.115051	0.040876	0.021024
(19638,68688)(15020000,15069999)(15020000,15070000)	8	15045000	49052	0.135035	0.135594	0.102302	0.091429	0.053637	0.054284
(29276,78225)(15030000,15079999)(15030000,15080000)	8	15055000	48951	0.114347	0.139863	0.107074	0.079421	0.042009	0.071242
(39253,88202)(15040000,15089999)(15040000,15090000)	8	15065000	48951	0.093558	0.122796	0.127754	0.046280	0.051948	0.084735
(49065,98084)(15050000,15099999)(15050000,15100000)	8	15075000	49021	0.102011	0.113858	0.140510	0.038530	0.069068	0.082348
(94,37981)(15000000,15049793)(15000000,15050000)	9	15025000	37889	0.183614	0.182445	-0.003276	0.203788	-0.000920	-0.002350
(3191,47219)(15012324,15059999)(15010000,15060000)	9	15035000	44030	0.207140	0.188625	-0.000502	0.220818	0.011291	-0.011793
(10858,57123)(15020000,15069999)(15020000,15070000)	9	15045000	46267	0.189970	0.162651	0.004665	0.191762	0.018923	-0.014247
(18657,67119)(15030000,15079999)(15030000,15080000)	9	15055000	48464	0.214300	0.133443	0.023874	0.180123	0.061058	-0.036895
(28539,77109)(15040022,15089999)(15040000,15090000)	9	15065000	48572	0.230890	0.139000	0.035426	0.188057	0.074465	-0.038396
(37982,86800)(15050727,15099999)(15050000,15100000)	9	15075000	48820	0.221320	0.138779	0.048403	0.174972	0.075183	-0.025569
